chromosome	position	strand	context	mc	reads	id
1	469	-	CG	17	19	1
1	471	-	CG	19	19	2
1	483	+	CG	1	1	3
1	484	-	CG	20	23	4
1	488	+	CG	2	2	5
1	489	-	CG	25	25	6
1	492	+	CG	2	2	7
1	493	-	CG	22	27	8
1	496	+	CG	4	4	9
1	497	-	CG	26	30	10
1	524	+	CG	5	6	11
1	525	-	CG	25	27	12
1	541	+	CG	9	11	13
1	542	-	CG	24	26	14
1	562	+	CG	16	17	15
1	563	-	CG	23	24	16
1	570	+	CG	20	23	17
1	571	-	CG	21	23	18
1	576	+	CG	22	22	19
1	577	-	CG	22	22	20
1	578	+	CG	23	24	21
1	579	-	CG	21	22	22
1	588	+	CG	25	27	23
1	589	-	CG	19	20	24
1	595	-	CHG	3	21	25
1	608	+	CG	37	38	26
1	609	-	CG	21	22	27
1	616	+	CG	32	35	28
1	617	-	CG	18	20	29
1	619	+	CG	32	33	30
1	620	-	CG	18	18	31
1	622	+	CG	29	31	32
1	623	-	CG	15	15	33
1	628	+	CG	25	27	34
1	629	-	CG	13	13	35
1	638	+	CG	20	20	36
1	639	-	CG	9	10	37
1	640	+	CG	16	17	38
1	641	-	CG	9	10	39
1	643	+	CG	13	16	40
1	644	-	CG	8	8	41
1	645	+	CG	10	11	42
1	646	-	CG	6	6	43
1	648	+	CG	7	7	44
1	649	-	CG	4	4	45
1	651	+	CG	4	5	46
1	652	-	CG	3	3	47
1	657	+	CG	3	3	48
1	658	-	CG	1	1	49
1	2941	+	CG	16	20	50
1	3366	-	CG	27	29	51
1	3391	-	CG	10	10	52
1	3400	-	CG	3	3	53
1	4750	+	CG	4	7	54
1	4751	-	CG	1	2	55
1	4810	-	CG	3	5	56
1	4817	-	CG	4	4	57
1	4838	-	CG	1	1	58
1	5051	+	CG	1	1	59
1	5069	+	CG	1	1	60
1	5070	-	CG	1	2	61
1	5102	-	CG	2	2	62
1	5632	-	CG	10	10	63
1	5636	-	CHG	4	12	64
1	5652	-	CG	11	12	65
1	5696	+	CG	1	1	66
1	5697	-	CG	8	8	67
1	5711	+	CG	1	1	68
1	5712	-	CG	1	1	69
1	5727	+	CG	1	1	70
1	5744	+	CG	1	1	71
1	6106	-	CG	15	22	72
1	6306	+	CHG	11	55	73
1	6684	+	CG	2	2	74
1	6731	+	CG	1	1	75
1	7314	+	CG	2	2	76
1	7315	-	CG	13	16	77
1	7340	+	CG	4	4	78
1	7341	-	CG	21	22	79
1	7345	+	CG	4	4	80
1	7346	-	CG	22	23	81
1	7354	+	CG	4	4	82
1	7355	-	CG	23	24	83
1	7384	-	CHG	8	8	84
1	8672	+	CG	2	2	85
1	8689	+	CG	3	3	86
1	8716	+	CG	2	2	87
1	9111	-	CG	2	2	88
1	9136	-	CG	1	2	89
1	9142	-	CG	1	2	90
1	16794	+	CG	3	3	91
1	16819	+	CG	6	7	92
1	16826	+	CG	6	7	93
1	16888	+	CG	1	2	94
1	16890	+	CG	1	2	95
1	20785	-	CG	4	7	96
1	20847	-	CG	2	3	97
1	37039	-	CG	1	2	98
1	37224	+	CG	1	1	99
1	38013	+	CG	9	10	100
1	38035	+	CG	13	17	101
1	38041	+	CG	15	18	102
1	41304	+	CG	9	11	103
1	41305	-	CG	14	15	104
1	41320	+	CG	7	12	105
1	41321	-	CG	18	19	106
1	41511	-	CG	1	1	107
1	41525	-	CG	2	2	108
1	41545	-	CG	2	3	109
1	41556	-	CG	3	3	110
1	41585	-	CG	3	3	111
1	41589	-	CG	2	3	112
1	41591	-	CG	2	3	113
1	41597	-	CG	1	2	114
1	41601	-	CG	2	2	115
1	41675	+	CG	1	1	116
1	41683	+	CG	1	1	117
1	41689	+	CG	2	3	118
1	41705	+	CG	4	4	119
1	41713	+	CG	7	7	120
1	41721	+	CG	8	10	121
1	41797	+	CG	17	19	122
1	41798	-	CG	19	19	123
1	41815	+	CG	14	15	124
1	41816	-	CG	18	18	125
1	41831	+	CG	10	10	126
1	41832	-	CG	10	11	127
1	41837	+	CG	7	10	128
1	41838	-	CG	8	8	129
1	41840	+	CG	9	10	130
1	41841	-	CG	6	7	131
1	41877	+	CG	1	1	132
1	41878	-	CG	3	3	133
1	41890	+	CG	1	1	134
1	41891	-	CG	2	4	135
1	41895	+	CG	1	1	136
1	41896	-	CG	4	5	137
1	41915	+	CG	2	3	138
1	41916	-	CG	9	10	139
1	41921	-	CHH	3	11	140
1	42561	-	CHG	3	24	141
1	42617	+	CG	4	4	142
1	42618	-	CG	9	11	143
1	44217	-	CG	10	12	144
1	44351	+	CG	1	1	145
1	44352	-	CG	28	31	146
1	44512	-	CG	18	24	147
1	45191	+	CG	3	3	148
1	45192	-	CG	16	17	149
1	45677	+	CG	1	1	150
1	45678	-	CG	10	15	151
1	45747	+	CG	4	4	152
1	45748	-	CG	3	4	153
1	45769	+	CG	1	3	154
1	45770	-	CG	4	6	155
1	45789	-	CG	10	11	156
1	46161	-	CG	31	35	157
1	46168	-	CG	23	29	158
1	46307	-	CG	7	9	159
1	46448	-	CG	2	2	160
1	46517	-	CHG	5	17	161
1	47155	-	CG	5	6	162
1	47554	-	CG	7	8	163
1	48309	+	CG	30	33	164
1	48310	-	CG	10	11	165
1	49139	-	CG	25	28	166
1	50112	-	CG	23	26	167
1	50271	-	CG	12	15	168
1	50702	-	CHG	4	21	169
1	51665	+	CG	9	11	170
1	51666	-	CG	4	5	171
1	51764	-	CG	1	1	172
1	51809	+	CG	1	2	173
1	51810	-	CG	1	2	174
1	51816	+	CG	1	4	175
1	51817	-	CG	2	2	176
1	51864	+	CHG	3	10	177
1	51945	-	CG	1	1	178
1	51958	+	CG	1	1	179
1	51974	+	CG	3	3	180
1	51975	-	CG	2	2	181
1	52002	+	CG	6	7	182
1	52003	-	CG	10	11	183
1	52018	+	CG	8	8	184
1	52019	-	CG	11	14	185
1	52024	-	CHG	6	15	186
1	52255	+	CHG	4	19	187
1	52282	+	CG	24	30	188
1	52346	+	CG	7	7	189
1	52732	+	CG	2	2	190
1	52733	-	CG	23	25	191
1	52766	+	CG	7	7	192
1	52767	-	CG	36	45	193
1	53011	-	CG	2	2	194
1	53060	-	CG	3	5	195
1	53184	+	CG	8	8	196
1	53489	+	CG	1	2	197
1	53490	-	CG	18	23	198
1	53529	+	CG	1	2	199
1	53530	-	CG	35	40	200
1	53532	+	CG	1	2	201
1	53533	-	CG	35	38	202
1	53546	-	CG	33	33	203
1	53585	-	CG	12	12	204
1	53654	-	CG	3	4	205
1	54762	+	CG	5	5	206
1	54763	-	CG	5	8	207
1	55870	+	CHG	6	21	208
1	57045	+	CG	16	17	209
1	57046	-	CG	2	2	210
1	57085	+	CG	15	16	211
1	57086	-	CG	5	6	212
1	58102	-	CG	1	1	213
1	58109	-	CG	2	2	214
1	58711	+	CG	2	2	215
1	58751	+	CG	2	2	216
1	59454	-	CG	1	1	217
1	60528	-	CG	3	4	218
1	62173	-	CG	2	4	219
1	62316	+	CG	1	1	220
1	62521	+	CG	3	4	221
1	62629	-	CG	4	6	222
1	63090	+	CG	6	6	223
1	63091	-	CG	5	5	224
1	63677	-	CHG	2	6	225
1	64534	+	CG	2	6	226
1	64765	-	CG	62	73	227
1	64816	-	CG	54	66	228
1	64858	-	CG	17	32	229
1	66171	-	CG	1	1	230
1	66193	-	CG	1	1	231
1	66746	+	CG	5	6	232
1	66747	-	CG	9	9	233
1	66758	+	CG	5	6	234
1	66759	-	CG	4	4	235
1	66762	+	CG	3	4	236
1	66763	-	CG	4	4	237
1	66897	+	CG	1	1	238
1	66951	+	CG	1	5	239
1	66991	+	CG	4	4	240
1	67532	+	CG	8	8	241
1	67847	+	CG	5	6	242
1	68940	-	CG	3	6	243
1	69263	+	CG	3	3	244
1	69264	-	CG	3	3	245
1	69279	+	CG	4	4	246
1	69280	-	CG	5	5	247
1	69286	+	CHG	2	3	248
1	69334	+	CG	1	1	249
1	69335	-	CG	2	2	250
1	69649	+	CG	4	6	251
1	69650	-	CG	5	5	252
1	69668	+	CG	5	6	253
1	69669	-	CG	7	9	254
1	69740	+	CG	1	1	255
1	69741	-	CG	1	1	256
1	70893	+	CG	1	1	257
1	70899	+	CG	3	3	258
1	70967	+	CG	8	9	259
1	70968	-	CG	15	18	260
1	71042	-	CG	6	7	261
1	71180	-	CG	10	11	262
1	71286	-	CG	6	9	263
1	72024	+	CG	1	2	264
1	72025	-	CG	5	7	265
1	72143	+	CG	14	16	266
1	72144	-	CG	7	13	267
1	72432	+	CG	7	8	268
1	72578	-	CG	1	2	269
1	74874	-	CG	2	3	270
1	75269	-	CG	2	2	271
1	75803	+	CG	10	11	272
1	75804	-	CG	4	4	273
1	76548	+	CG	1	1	274
1	76549	-	CG	2	2	275
1	76783	-	CG	8	9	276
1	76803	+	CG	1	2	277
1	76804	-	CG	10	11	278
1	77118	+	CG	1	2	279
1	77119	-	CG	11	15	280
1	77164	+	CG	4	4	281
1	77165	-	CG	11	15	282
1	77213	+	CG	3	3	283
1	77214	-	CG	3	3	284
1	77222	+	CG	3	3	285
1	77223	-	CG	2	2	286
1	77227	+	CG	3	3	287
1	77427	+	CHG	5	17	288
1	77563	+	CG	4	4	289
1	77564	-	CG	1	1	290
1	77585	+	CG	4	4	291
1	77586	-	CG	3	3	292
1	77616	+	CG	1	2	293
1	77617	-	CG	4	5	294
1	78067	-	CG	2	2	295
1	78146	-	CHG	3	5	296
1	78178	-	CG	7	8	297
1	78223	+	CG	1	1	298
1	78224	-	CG	11	12	299
1	78248	+	CG	3	3	300
1	78249	-	CG	4	5	301
1	78250	+	CG	3	3	302
1	78251	-	CG	4	4	303
1	78318	+	CG	10	11	304
1	78349	+	CG	5	7	305
1	78353	+	CG	4	5	306
1	78625	-	CG	6	6	307
1	78630	-	CG	6	6	308
1	78674	-	CG	3	4	309
1	79075	+	CG	2	2	310
1	79076	-	CG	2	2	311
1	79221	+	CG	5	6	312
1	79380	+	CG	1	1	313
1	79568	-	CG	7	9	314
1	80921	+	CG	5	6	315
1	80981	+	CG	5	6	316
1	81021	+	CG	9	9	317
1	81051	+	CG	16	16	318
1	81052	-	CG	3	5	319
1	81095	+	CG	3	10	320
1	81320	+	CG	5	11	321
1	81321	-	CG	1	6	322
1	81334	+	CG	2	13	323
1	81413	-	CG	3	16	324
1	81864	-	CG	4	6	325
1	83111	-	CG	10	14	326
1	83164	-	CG	15	18	327
1	83881	-	CG	9	14	328
1	84723	-	CG	17	26	329
1	84793	-	CG	4	4	330
1	84832	+	CHG	2	2	331
1	84848	+	CG	2	2	332
1	84849	-	CG	12	16	333
1	84935	+	CG	1	2	334
1	84936	-	CG	1	1	335
1	86422	-	CG	7	7	336
1	86480	-	CG	8	8	337
1	86488	-	CG	7	7	338
1	86506	-	CG	4	4	339
1	88272	-	CG	15	19	340
1	88541	+	CG	5	5	341
1	88572	+	CG	6	6	342
1	89029	-	CG	3	3	343
1	89441	+	CG	1	2	344
1	89581	+	CG	12	16	345
1	91010	-	CG	4	4	346
1	91329	-	CG	2	2	347
1	91372	-	CG	10	13	348
1	91414	-	CHG	4	19	349
1	91693	+	CG	30	38	350
1	91694	-	CG	5	5	351
1	92795	+	CG	23	28	352
1	92796	-	CG	18	22	353
1	92850	+	CG	17	17	354
1	92851	-	CG	21	23	355
1	92857	+	CG	9	12	356
1	92858	-	CG	16	19	357
1	92862	-	CHG	4	17	358
1	93032	-	CG	1	1	359
1	93071	+	CG	1	1	360
1	93072	-	CG	1	1	361
1	93665	+	CG	2	2	362
1	93666	-	CG	3	3	363
1	93728	+	CG	1	1	364
1	93729	-	CG	1	1	365
1	94059	-	CG	1	1	366
1	94845	-	CG	1	1	367
1	95841	+	CHG	2	5	368
1	96449	+	CG	1	2	369
1	96450	-	CG	6	6	370
1	96553	-	CG	4	4	371
1	99437	+	CG	1	1	372
1	109508	+	CG	6	17	373
1	109509	-	CG	3	5	374
1	109552	+	CG	6	7	375
1	109553	-	CG	1	3	376
1	110366	-	CG	1	1	377
1	111374	+	CG	1	1	378
1	111379	+	CG	1	1	379
1	111419	+	CG	1	1	380
1	111423	+	CG	1	1	381
1	115839	-	CG	1	1	382
1	117354	+	CG	6	6	383
1	117355	-	CG	6	9	384
1	118614	-	CG	1	1	385
1	118649	-	CG	2	3	386
1	118677	-	CG	2	2	387
1	118699	-	CG	1	2	388
1	118709	-	CG	1	1	389
1	118938	+	CG	2	2	390
1	119029	-	CG	2	2	391
1	119808	+	CG	5	6	392
1	120055	+	CG	5	6	393
1	120072	+	CG	3	6	394
1	120096	+	CG	1	1	395
1	122894	-	CG	1	1	396
1	122896	-	CG	1	1	397
1	123963	-	CG	8	10	398
1	123978	-	CG	3	5	399
1	124516	+	CG	1	1	400
1	126238	+	CG	2	2	401
1	126250	+	CG	2	2	402
1	126271	+	CG	5	5	403
1	126285	+	CG	8	8	404
1	126287	+	CG	8	8	405
1	126335	+	CG	4	6	406
1	126347	+	CG	2	2	407
1	126954	+	CG	1	1	408
1	126970	+	CG	1	1	409
1	126982	+	CG	1	1	410
1	127019	+	CG	3	3	411
1	127031	+	CG	2	3	412
1	127052	+	CG	2	2	413
1	127676	+	CG	12	12	414
1	127686	+	CG	11	12	415
1	127739	+	CG	1	1	416
1	129672	+	CG	1	3	417
1	129715	+	CG	2	2	418
1	134269	-	CG	1	1	419
1	134369	+	CG	1	1	420
1	134388	+	CG	1	1	421
1	134697	+	CG	2	2	422
1	134705	+	CG	1	3	423
1	139759	+	CG	7	7	424
1	140193	-	CHH	3	10	425
1	140465	-	CHG	3	10	426
1	141580	+	CG	1	1	427
1	141608	+	CG	1	1	428
1	141620	+	CG	1	1	429
1	142774	-	CG	1	2	430
1	143506	+	CG	1	1	431
1	153718	-	CG	4	4	432
1	158278	-	CG	1	1	433
1	160364	+	CG	1	2	434
1	163602	-	CG	7	9	435
1	163639	-	CG	2	2	436
1	217607	+	CG	1	2	437
1	219024	-	CG	8	8	438
1	219438	+	CG	1	1	439
1	219439	-	CG	7	10	440
1	219484	-	CG	18	21	441
1	219523	+	CG	1	2	442
1	219524	-	CG	10	10	443
1	219527	+	CG	1	2	444
1	219528	-	CG	5	5	445
1	219560	-	CG	1	1	446
1	219583	+	CG	1	1	447
1	219616	-	CG	2	2	448
1	219622	-	CG	2	2	449
1	219646	-	CG	2	2	450
1	219709	+	CG	6	7	451
1	219710	-	CG	2	2	452
1	219730	+	CG	10	12	453
1	219731	-	CG	3	3	454
1	219767	+	CG	17	19	455
1	219768	-	CG	3	4	456
1	219816	+	CG	3	4	457
1	219880	+	CG	25	31	458
1	219881	-	CG	9	12	459
1	220558	-	CG	10	16	460
1	221365	+	CG	28	50	461
1	221597	+	CG	16	16	462
1	222087	-	CG	1	1	463
1	222091	-	CG	1	1	464
1	222310	+	CG	2	2	465
1	222311	-	CG	6	6	466
1	222336	+	CG	3	3	467
1	222337	-	CG	6	7	468
1	223312	+	CG	1	2	469
1	223313	-	CG	3	4	470
1	223337	+	CG	2	4	471
1	223338	-	CG	5	7	472
1	224188	-	CG	6	10	473
1	224308	+	CG	4	5	474
1	224309	-	CG	3	4	475
1	224335	+	CG	1	1	476
1	224336	-	CG	4	4	477
1	224984	+	CG	27	41	478
1	224985	-	CG	51	63	479
1	225042	-	CG	81	89	480
1	225558	+	CG	22	31	481
1	225559	-	CG	15	20	482
1	225636	+	CG	35	45	483
1	225790	+	CG	23	29	484
1	225989	+	CG	3	4	485
1	225990	-	CG	4	8	486
1	226129	-	CG	9	11	487
1	226918	+	CG	13	17	488
1	226956	+	CG	7	10	489
1	227158	+	CG	2	3	490
1	227163	+	CG	3	3	491
1	227193	+	CG	2	3	492
1	227208	+	CG	2	2	493
1	227209	-	CG	1	1	494
1	227219	+	CG	1	1	495
1	227220	-	CG	1	1	496
1	227650	+	CG	5	7	497
1	227651	-	CG	2	3	498
1	227656	+	CG	3	6	499
1	227657	-	CG	2	3	500
1	227664	+	CG	2	5	501
1	227665	-	CG	1	4	502
1	227681	+	CG	2	3	503
1	227682	-	CG	2	4	504
1	227739	+	CG	3	5	505
1	227740	-	CG	8	16	506
1	227874	-	CG	16	16	507
1	228190	+	CG	3	3	508
1	228191	-	CG	14	20	509
1	229167	+	CG	2	4	510
1	230297	+	CG	4	4	511
1	230308	+	CG	4	6	512
1	230666	+	CG	2	2	513
1	230667	-	CG	5	10	514
1	231056	-	CG	5	10	515
1	231088	-	CG	8	9	516
1	231126	-	CG	3	4	517
1	231185	+	CG	1	1	518
1	231186	-	CG	3	3	519
1	231270	+	CG	2	2	520
1	231910	+	CG	15	19	521
1	231911	-	CG	23	28	522
1	233431	+	CG	6	11	523
1	233432	-	CG	26	36	524
1	233510	+	CG	14	16	525
1	233511	-	CG	32	35	526
1	233695	+	CHH	3	12	527
1	234876	+	CG	38	64	528
1	234907	+	CG	27	38	529
1	235317	+	CG	2	3	530
1	235318	-	CG	21	26	531
1	235342	+	CG	2	2	532
1	235343	-	CG	15	18	533
1	235394	+	CG	1	1	534
1	235922	-	CG	1	3	535
1	237179	+	CHG	3	14	536
1	237238	+	CG	29	39	537
1	237645	+	CG	1	1	538
1	238737	-	CG	5	7	539
1	239112	-	CG	26	29	540
1	239135	-	CG	29	41	541
1	239168	-	CG	14	18	542
1	239175	-	CG	13	17	543
1	239244	-	CG	4	6	544
1	239291	-	CG	3	5	545
1	239327	-	CG	2	2	546
1	239756	+	CG	1	2	547
1	239757	-	CG	4	10	548
1	239791	+	CG	4	5	549
1	239792	-	CG	24	32	550
1	239811	+	CG	3	7	551
1	239812	-	CG	27	39	552
1	239855	+	CG	2	2	553
1	239856	-	CG	13	16	554
1	240163	-	CG	10	10	555
1	240168	-	CG	8	10	556
1	240227	-	CG	11	13	557
1	240374	-	CG	10	11	558
1	240992	-	CG	6	6	559
1	241031	-	CG	4	6	560
1	241159	+	CG	7	11	561
1	241160	-	CG	1	4	562
1	241507	-	CG	7	14	563
1	242710	+	CG	57	65	564
1	242764	+	CG	12	19	565
1	244789	-	CG	2	4	566
1	245360	-	CG	1	2	567
1	245670	+	CG	42	65	568
1	245758	+	CG	24	37	569
1	246322	+	CG	9	11	570
1	246981	+	CG	13	21	571
1	247455	+	CG	1	4	572
1	247998	+	CG	6	12	573
1	247999	-	CG	3	3	574
1	248588	-	CG	13	16	575
1	249038	-	CG	3	10	576
1	251850	-	CG	4	5	577
1	254814	+	CG	25	33	578
1	257306	+	CG	1	2	579
1	257307	-	CG	1	1	580
1	257504	+	CG	1	1	581
1	257511	+	CG	1	1	582
1	257519	+	CG	1	1	583
1	257567	+	CG	1	1	584
1	314051	-	CG	1	1	585
1	314630	+	CG	1	1	586
1	314633	+	CG	1	1	587
1	314651	+	CG	1	1	588
1	314676	+	CG	1	1	589
1	316779	-	CG	3	3	590
1	316791	-	CG	3	3	591
1	316793	-	CG	3	3	592
1	316807	-	CG	1	3	593
1	316828	-	CG	3	3	594
1	338267	+	CG	1	1	595
1	343870	+	CG	7	7	596
1	344651	-	CG	6	7	597
1	346291	+	CHH	10	21	598
1	346300	+	CG	23	26	599
1	346398	+	CG	26	31	600
1	352291	+	CG	23	27	601
1	352682	-	CG	1	1	602
1	352686	+	CG	1	1	603
1	352687	-	CG	1	1	604
1	385671	-	CG	1	1	605
1	394523	+	CG	1	1	606
1	395526	-	CG	1	1	607
1	403975	+	CG	2	2	608
1	403977	+	CG	2	2	609
1	408898	-	CG	1	1	610
1	412409	+	CG	6	10	611
1	425762	-	CG	1	1	612
1	452005	-	CG	2	3	613
1	452210	+	CG	1	1	614
1	452221	+	CG	1	1	615
1	511433	+	CG	1	2	616
1	511439	+	CG	1	3	617
1	511447	+	CG	1	3	618
1	511464	+	CG	1	2	619
1	511808	+	CG	4	6	620
1	511809	-	CG	12	14	621
1	513609	+	CG	1	2	622
1	513610	-	CG	2	2	623
1	513615	+	CG	2	3	624
1	513616	-	CG	2	2	625
1	513646	+	CG	11	11	626
1	513647	-	CG	14	15	627
1	513666	+	CG	16	16	628
1	513667	-	CG	17	18	629
1	513670	+	CG	15	15	630
1	513671	-	CG	17	18	631
1	513687	+	CG	13	14	632
1	513688	-	CG	14	17	633
1	514637	+	CG	1	1	634
1	514818	+	CG	3	4	635
1	515325	+	CG	5	7	636
1	515326	-	CG	2	3	637
1	515431	+	CG	1	1	638
1	515432	-	CG	2	2	639
1	515493	+	CG	1	1	640
1	515627	-	CG	1	1	641
1	515637	-	CG	1	1	642
1	515839	-	CG	1	1	643
1	515845	+	CG	1	1	644
1	515846	-	CG	1	1	645
1	515852	+	CG	3	3	646
1	515853	-	CG	1	1	647
1	515923	+	CG	3	3	648
1	515924	-	CG	2	2	649
1	515927	+	CG	2	3	650
1	515928	-	CG	2	2	651
1	515929	+	CG	3	3	652
1	515930	-	CG	2	2	653
1	516369	+	CG	3	4	654
1	516370	-	CG	1	1	655
1	516394	+	CG	15	18	656
1	516395	-	CG	2	2	657
1	516414	+	CG	14	29	658
1	516415	-	CG	2	4	659
1	516484	+	CG	5	8	660
1	516485	-	CG	1	1	661
1	516576	+	CG	11	11	662
1	516595	+	CG	17	19	663
1	516625	+	CG	12	15	664
1	516669	+	CG	1	1	665
1	516924	+	CG	1	2	666
1	516932	+	CG	1	2	667
1	516954	+	CG	1	2	668
1	517075	+	CG	19	22	669
1	517080	+	CG	17	19	670
1	517115	+	CG	6	7	671
1	517850	+	CG	3	4	672
1	517858	+	CG	4	4	673
1	518301	-	CG	4	4	674
1	518309	-	CG	4	5	675
1	519595	+	CG	1	1	676
1	519683	+	CG	1	1	677
1	519684	-	CG	2	3	678
1	519701	+	CG	1	1	679
1	519702	-	CG	1	1	680
1	520130	-	CG	1	2	681
1	520142	-	CG	1	2	682
1	520150	-	CG	1	2	683
1	520821	+	CG	2	2	684
1	520827	+	CG	1	2	685
1	520831	+	CG	2	2	686
1	520856	+	CG	2	2	687
1	521063	-	CG	1	1	688
1	521097	-	CG	3	3	689
1	521109	-	CG	3	3	690
1	521117	-	CG	3	3	691
1	521127	-	CG	1	2	692
1	521152	-	CG	1	2	693
1	521868	-	CG	8	10	694
1	521880	-	CG	11	13	695
1	521982	-	CG	2	2	696
1	522082	-	CG	3	5	697
1	522275	-	CG	9	12	698
1	522381	-	CG	4	4	699
1	522664	-	CG	1	2	700
1	522666	-	CG	2	2	701
1	522672	-	CG	1	2	702
1	522696	-	CG	1	1	703
1	522760	-	CG	3	3	704
1	522853	-	CG	3	5	705
1	522883	-	CG	6	9	706
1	522891	-	CG	9	11	707
1	522910	-	CG	8	12	708
1	522989	+	CG	2	2	709
1	522990	-	CG	8	10	710
1	523024	+	CG	5	5	711
1	523025	-	CG	11	13	712
1	523036	+	CG	5	8	713
1	523037	-	CG	10	11	714
1	523049	+	CG	7	8	715
1	523050	-	CG	8	9	716
1	523060	+	CG	4	6	717
1	523061	-	CG	4	6	718
1	523082	+	CG	7	7	719
1	523083	-	CG	4	4	720
1	523096	+	CG	5	7	721
1	523097	-	CG	1	1	722
1	523105	+	CG	2	4	723
1	523107	+	CG	3	4	724
1	523129	+	CG	1	2	725
1	523787	+	CG	1	1	726
1	523801	+	CG	3	3	727
1	523810	+	CG	3	3	728
1	523812	+	CG	4	4	729
1	523819	+	CG	4	4	730
1	523834	+	CG	3	4	731
1	523848	+	CG	4	4	732
1	523859	+	CG	2	3	733
1	523866	+	CG	2	3	734
1	523881	+	CG	2	2	735
1	524053	-	CG	17	22	736
1	524061	-	CG	24	29	737
1	524105	-	CG	22	31	738
1	524157	+	CG	11	11	739
1	524158	-	CG	3	3	740
1	524163	+	CG	11	11	741
1	524164	-	CG	2	2	742
1	524173	+	CG	10	11	743
1	524174	-	CG	1	2	744
1	524176	+	CG	9	10	745
1	524177	-	CG	2	2	746
1	524188	+	CG	1	3	747
1	524189	-	CG	3	3	748
1	524192	-	CG	3	3	749
1	524206	-	CG	3	3	750
1	524223	-	CG	3	3	751
1	524403	+	CG	3	7	752
1	524406	+	CG	6	8	753
1	524407	-	CG	6	12	754
1	524409	-	CG	5	14	755
1	524643	-	CG	7	7	756
1	524653	-	CG	5	5	757
1	525030	-	CG	1	1	758
1	525062	-	CG	11	12	759
1	525082	-	CG	16	17	760
1	525086	-	CG	16	18	761
1	525094	-	CG	17	19	762
1	525558	-	CG	2	2	763
1	525562	-	CG	2	2	764
1	525691	-	CG	4	4	765
1	525715	-	CHG	4	11	766
1	525721	-	CG	11	12	767
1	525742	-	CG	11	14	768
1	525820	+	CG	1	1	769
1	525821	-	CG	3	3	770
1	525848	+	CG	2	4	771
1	525849	-	CG	7	8	772
1	525878	+	CG	3	5	773
1	525879	-	CG	6	9	774
1	525927	+	CG	1	1	775
1	525928	-	CG	1	2	776
1	526421	-	CG	1	2	777
1	527350	-	CG	1	3	778
1	527359	-	CG	2	3	779
1	527427	-	CG	3	3	780
1	528533	+	CG	3	4	781
1	528568	+	CG	15	16	782
1	529374	+	CG	1	1	783
1	529375	-	CG	5	8	784
1	529384	+	CG	3	3	785
1	529385	-	CG	6	8	786
1	529412	+	CG	3	3	787
1	529413	-	CG	1	2	788
1	529417	+	CG	3	3	789
1	529418	-	CG	2	2	790
1	529473	+	CG	1	1	791
1	529536	+	CG	6	8	792
1	529538	+	CG	7	8	793
1	529562	+	CG	3	4	794
1	529570	+	CG	2	3	795
1	529577	+	CG	3	3	796
1	529594	+	CG	1	2	797
1	529624	+	CG	1	1	798
1	529630	+	CG	1	1	799
1	529638	+	CG	1	1	800
1	530468	-	CG	1	2	801
1	530475	-	CG	3	4	802
1	530481	-	CG	4	4	803
1	530488	-	CG	3	5	804
1	530496	-	CG	4	5	805
1	530506	-	CG	6	6	806
1	530530	-	CG	3	4	807
1	530573	-	CG	1	1	808
1	530612	+	CG	3	3	809
1	530613	-	CG	6	7	810
1	530662	+	CG	1	1	811
1	530663	-	CG	4	5	812
1	530671	-	CG	1	1	813
1	530680	-	CG	1	1	814
1	530773	+	CG	1	1	815
1	530782	+	CG	3	3	816
1	530823	+	CG	11	11	817
1	530841	+	CG	2	10	818
1	530853	+	CG	9	9	819
1	530940	+	CG	45	49	820
1	533655	+	CG	2	2	821
1	533687	+	CG	6	8	822
1	533742	+	CG	8	8	823
1	533743	-	CG	1	1	824
1	533878	+	CG	4	7	825
1	533927	+	CG	1	1	826
1	533988	-	CG	4	4	827
1	534083	-	CG	4	4	828
1	534350	-	CG	4	5	829
1	534426	-	CG	5	6	830
1	534580	+	CG	1	1	831
1	534639	+	CG	1	1	832
1	536085	+	CG	3	3	833
1	536087	+	CG	3	3	834
1	536132	+	CG	5	5	835
1	536144	+	CG	3	3	836
1	536150	+	CG	3	3	837
1	536158	+	CG	2	3	838
1	536459	+	CG	1	1	839
1	536476	+	CG	4	4	840
1	536480	+	CG	5	5	841
1	536488	+	CG	7	7	842
1	536508	+	CG	15	17	843
1	536510	+	CG	16	18	844
1	536535	+	CG	22	23	845
1	536558	+	CG	16	17	846
1	536610	+	CG	11	12	847
1	536611	-	CG	1	1	848
1	536640	+	CG	1	6	849
1	536787	-	CG	1	1	850
1	536817	-	CG	2	2	851
1	536827	-	CG	2	2	852
1	536836	-	CHH	2	2	853
1	536847	-	CG	2	2	854
1	536869	-	CG	1	1	855
1	537410	+	CG	2	2	856
1	537492	+	CG	2	2	857
1	537573	-	CG	1	1	858
1	537595	-	CG	1	1	859
1	538589	-	CG	1	2	860
1	538624	-	CG	1	2	861
1	538633	-	CG	1	1	862
1	538641	-	CG	1	1	863
1	539195	-	CG	14	18	864
1	541391	-	CG	7	8	865
1	541431	-	CG	1	4	866
1	543587	+	CG	2	2	867
1	543588	-	CG	15	20	868
1	543604	-	CG	12	17	869
1	543634	-	CG	6	6	870
1	543658	-	CG	5	5	871
1	543668	-	CG	7	7	872
1	543709	+	CG	1	1	873
1	543710	-	CG	10	15	874
1	543715	+	CG	1	1	875
1	543716	-	CG	7	18	876
1	544669	+	CG	2	2	877
1	544907	-	CG	1	4	878
1	548601	+	CG	6	6	879
1	548616	+	CHH	3	6	880
1	548913	+	CG	1	3	881
1	548914	-	CG	1	2	882
1	550998	+	CG	1	1	883
1	551085	+	CG	1	2	884
1	551310	+	CG	2	2	885
1	551311	-	CG	4	4	886
1	551322	+	CG	5	5	887
1	551323	-	CG	5	6	888
1	551328	+	CG	4	4	889
1	551329	-	CG	6	6	890
1	551341	+	CG	4	4	891
1	551342	-	CG	6	6	892
1	551344	+	CG	3	4	893
1	551345	-	CG	5	6	894
1	551912	-	CG	3	4	895
1	554333	+	CG	8	11	896
1	554334	-	CG	8	27	897
1	554357	+	CG	6	7	898
1	554358	-	CG	6	22	899
1	554363	+	CG	3	3	900
1	554364	-	CG	6	22	901
1	554366	+	CG	2	3	902
1	554367	-	CG	5	21	903
1	554378	+	CG	2	2	904
1	554379	-	CG	4	19	905
1	554397	-	CG	1	5	906
1	554758	-	CG	2	22	907
1	554839	-	CG	7	12	908
1	554852	-	CG	9	17	909
1	554876	-	CG	13	40	910
1	554903	-	CG	8	32	911
1	555125	-	CG	12	60	912
1	555260	-	CG	8	33	913
1	555332	-	CG	27	37	914
1	555408	-	CG	12	40	915
1	555466	-	CG	19	76	916
1	555524	-	CG	1	9	917
1	555683	-	CG	4	5	918
1	555764	+	CG	1	1	919
1	555765	-	CG	23	51	920
1	555812	-	CG	16	47	921
1	555872	-	CG	12	48	922
1	556152	+	CG	2	3	923
1	556155	+	CG	5	7	924
1	556167	+	CG	7	13	925
1	556168	-	CG	1	1	926
1	556179	+	CG	7	16	927
1	556180	-	CG	3	3	928
1	556202	+	CG	13	27	929
1	556203	-	CG	3	3	930
1	556322	-	CG	3	13	931
1	556325	-	CG	2	8	932
1	556329	-	CG	2	4	933
1	556381	+	CG	1	7	934
1	556384	+	CG	1	7	935
1	556427	+	CG	2	7	936
1	556432	+	CG	2	7	937
1	556465	+	CG	1	1	938
1	556480	+	CG	1	1	939
1	556486	+	CG	1	1	940
1	556577	-	CG	3	11	941
1	556586	-	CG	4	14	942
1	556594	-	CG	5	16	943
1	556602	-	CG	7	19	944
1	556676	-	CG	5	22	945
1	556678	+	CG	2	31	946
1	556679	-	CG	4	22	947
1	556858	-	CG	14	29	948
1	556868	-	CG	15	31	949
1	556877	-	CG	14	34	950
1	556925	-	CG	14	38	951
1	556952	+	CG	1	1	952
1	556953	-	CG	10	20	953
1	556975	+	CG	1	1	954
1	556976	-	CG	10	76	955
1	556985	-	CG	11	107	956
1	557030	-	CG	25	110	957
1	557069	-	CG	16	136	958
1	557102	-	CG	6	172	959
1	557268	-	CG	1	1	960
1	557289	-	CG	4	5	961
1	557301	-	CG	7	8	962
1	557364	-	CG	15	57	963
1	557558	+	CG	1	1	964
1	557573	+	CG	1	1	965
1	557574	-	CG	3	4	966
1	557576	+	CG	1	1	967
1	557577	-	CG	3	4	968
1	557609	+	CG	1	1	969
1	557610	-	CG	10	15	970
1	557618	+	CG	1	1	971
1	557619	-	CG	13	19	972
1	557629	-	CG	20	26	973
1	557632	-	CG	18	27	974
1	557639	-	CG	21	29	975
1	557649	-	CG	26	37	976
1	557744	+	CG	9	11	977
1	557745	-	CG	2	8	978
1	557749	+	CG	8	11	979
1	557750	-	CG	2	8	980
1	557754	+	CG	8	11	981
1	558013	-	CG	4	10	982
1	558032	-	CG	9	17	983
1	558077	-	CG	30	83	984
1	558119	-	CG	34	144	985
1	558170	-	CG	22	75	986
1	558188	-	CG	23	47	987
1	558206	-	CG	32	38	988
1	558227	-	CG	36	46	989
1	558243	-	CG	27	43	990
1	558263	-	CG	30	41	991
1	558271	+	CG	1	5	992
1	558272	-	CG	26	36	993
1	558322	+	CG	1	5	994
1	558323	-	CG	23	53	995
1	558331	+	CG	1	2	996
1	558332	-	CG	17	47	997
1	558338	-	CG	11	41	998
1	558341	-	CG	8	39	999
